3.068750000000000000e+02
3.234257812500000000e+02
3.235585937500000000e+02
3.235898437500000000e+02
3.226015625000000000e+02
3.237421875000000000e+02
3.238007812500000000e+02
3.238710937500000000e+02
3.238437500000000000e+02
3.238867187500000000e+02
3.239492187500000000e+02
3.240820312500000000e+02
3.241289062500000000e+02
3.231210937500000000e+02
3.242734375000000000e+02
3.234062500000000000e+02
3.232421875000000000e+02
3.243203125000000000e+02
3.233398437500000000e+02
3.233632812500000000e+02
3.233945312500000000e+02
3.234335937500000000e+02
3.234843750000000000e+02
3.245156250000000000e+02
3.245703125000000000e+02
3.246484375000000000e+02
3.236796875000000000e+02
3.237226562500000000e+02
3.248164062500000000e+02
3.248007812500000000e+02
3.249257812500000000e+02
3.249023437500000000e+02
3.249648437500000000e+02
3.251406250000000000e+02
3.244570312500000000e+02
3.251679687500000000e+02
3.241914062500000000e+02
3.252968750000000000e+02
3.242304687500000000e+02
3.245273437500000000e+02
3.253984375000000000e+02
3.244179687500000000e+02
3.244765625000000000e+02
3.256093750000000000e+02
3.255898437500000000e+02
3.256562500000000000e+02
3.246367187500000000e+02
3.257382812500000000e+02
3.257695312500000000e+02
3.258242187500000000e+02
3.258554687500000000e+02
3.248437500000000000e+02
3.249062500000000000e+02
3.259179687500000000e+02
3.260429687500000000e+02
3.260039062500000000e+02
3.261835937500000000e+02
3.252812500000000000e+02
3.262187500000000000e+02
3.262265625000000000e+02
3.261523437500000000e+02
3.251992187500000000e+02
3.251953125000000000e+02
3.262070312500000000e+02
3.262929687500000000e+02
3.262968750000000000e+02
3.252187500000000000e+02
3.263320312500000000e+02
3.253554687500000000e+02
3.252929687500000000e+02
3.263593750000000000e+02
3.264492187500000000e+02
3.262265625000000000e+02
3.264726562500000000e+02
3.265000000000000000e+02
3.264492187500000000e+02
3.264453125000000000e+02
3.253554687500000000e+02
3.254414062500000000e+02
3.264687500000000000e+02
3.265117187500000000e+02
3.254843750000000000e+02
3.265429687500000000e+02
3.258750000000000000e+02
3.253867187500000000e+02
3.255312500000000000e+02
3.255351562500000000e+02
3.265937500000000000e+02
3.265234375000000000e+02
3.265351562500000000e+02
3.257539062500000000e+02
3.266015625000000000e+02
3.266093750000000000e+02
3.255546875000000000e+02
3.265312500000000000e+02
3.254843750000000000e+02
3.266562500000000000e+02
3.255468750000000000e+02
3.255664062500000000e+02
3.266210937500000000e+02
3.255703125000000000e+02
3.266289062500000000e+02
3.255117187500000000e+02
3.266757812500000000e+02
3.255781250000000000e+02
3.265546875000000000e+02
3.266328125000000000e+02
3.266835937500000000e+02
3.265898437500000000e+02
3.266132812500000000e+02
3.266054687500000000e+02
3.256875000000000000e+02
3.255898437500000000e+02
3.255781250000000000e+02
3.265585937500000000e+02
3.268125000000000000e+02
3.256054687500000000e+02
3.255351562500000000e+02
3.256054687500000000e+02
3.266523437500000000e+02
3.266523437500000000e+02
3.255742187500000000e+02
3.256093750000000000e+02
3.267031250000000000e+02
3.266054687500000000e+02
3.256171875000000000e+02
3.255312500000000000e+02
3.266640625000000000e+02
3.256132812500000000e+02
3.265898437500000000e+02
3.256250000000000000e+02
3.266718750000000000e+02
3.256210937500000000e+02
3.255898437500000000e+02
3.255468750000000000e+02
3.266757812500000000e+02
3.266757812500000000e+02
3.266523437500000000e+02
3.267265625000000000e+02
3.266757812500000000e+02
3.266484375000000000e+02
3.267304687500000000e+02
3.266757812500000000e+02
3.266757812500000000e+02
3.266757812500000000e+02
3.265976562500000000e+02
3.266757812500000000e+02
3.255664062500000000e+02
3.266015625000000000e+02
3.256250000000000000e+02
3.267343750000000000e+02
3.267109375000000000e+02
3.264570312500000000e+02
3.267031250000000000e+02
3.266289062500000000e+02
3.268789062500000000e+02
3.267070312500000000e+02
3.256601562500000000e+02
3.267109375000000000e+02
3.267070312500000000e+02
3.266679687500000000e+02
3.256406250000000000e+02
3.267109375000000000e+02
3.255820312500000000e+02
3.267109375000000000e+02
3.267617187500000000e+02
3.267109375000000000e+02
3.267109375000000000e+02
3.266796875000000000e+02
3.256484375000000000e+02
3.267031250000000000e+02
3.262226562500000000e+02
3.255898437500000000e+02
3.267148437500000000e+02
3.266250000000000000e+02
3.266718750000000000e+02
3.266875000000000000e+02
3.258750000000000000e+02
3.267109375000000000e+02
3.267148437500000000e+02
3.266992187500000000e+02
3.256679687500000000e+02
3.255898437500000000e+02
3.256523437500000000e+02
3.266875000000000000e+02
3.267187500000000000e+02
3.256640625000000000e+02
3.266445312500000000e+02
3.256484375000000000e+02
3.266406250000000000e+02
3.266914062500000000e+02
3.256484375000000000e+02
3.256679687500000000e+02
3.267265625000000000e+02
3.266523437500000000e+02
3.255937500000000000e+02
3.267265625000000000e+02
3.267304687500000000e+02
3.255898437500000000e+02
3.266953125000000000e+02
3.255976562500000000e+02
3.256757812500000000e+02
3.267070312500000000e+02
3.256367187500000000e+02
3.257578125000000000e+02
3.267226562500000000e+02
3.256757812500000000e+02
3.256054687500000000e+02
3.267695312500000000e+02
3.267070312500000000e+02
3.256093750000000000e+02
3.266406250000000000e+02
3.266367187500000000e+02
3.266953125000000000e+02
3.267265625000000000e+02
3.267109375000000000e+02
3.266406250000000000e+02
3.267265625000000000e+02
3.266992187500000000e+02
3.267070312500000000e+02
3.256015625000000000e+02
3.267578125000000000e+02
3.267304687500000000e+02
3.267070312500000000e+02
3.266992187500000000e+02
3.256210937500000000e+02
3.256601562500000000e+02
3.266953125000000000e+02
3.266640625000000000e+02
3.267382812500000000e+02
3.266914062500000000e+02
3.266640625000000000e+02
3.256562500000000000e+02
3.256132812500000000e+02
3.267265625000000000e+02
3.256796875000000000e+02
3.256796875000000000e+02
3.255937500000000000e+02
3.267304687500000000e+02
3.267109375000000000e+02
3.267812500000000000e+02
3.266953125000000000e+02
3.268671875000000000e+02
3.267812500000000000e+02
3.256875000000000000e+02
3.267812500000000000e+02
3.256875000000000000e+02
3.256562500000000000e+02
3.267773437500000000e+02
3.266640625000000000e+02
3.260546875000000000e+02
3.256640625000000000e+02
3.267304687500000000e+02
3.266484375000000000e+02
3.267812500000000000e+02
3.256015625000000000e+02
3.269335937500000000e+02
3.267851562500000000e+02
3.267382812500000000e+02
3.267343750000000000e+02
3.267265625000000000e+02
3.267890625000000000e+02
3.266562500000000000e+02
3.267187500000000000e+02
3.267851562500000000e+02
3.266640625000000000e+02
3.267851562500000000e+02
3.266406250000000000e+02
3.267343750000000000e+02
3.256835937500000000e+02
3.267343750000000000e+02
3.267226562500000000e+02
3.267148437500000000e+02
3.266757812500000000e+02
3.256914062500000000e+02
3.256679687500000000e+02
3.256093750000000000e+02
3.267851562500000000e+02
3.267382812500000000e+02
3.267382812500000000e+02
3.256093750000000000e+02
3.267382812500000000e+02
3.256953125000000000e+02
3.267890625000000000e+02
3.266562500000000000e+02
3.267460937500000000e+02
3.267890625000000000e+02
3.256875000000000000e+02
3.267421875000000000e+02
3.267890625000000000e+02
3.267304687500000000e+02
3.267187500000000000e+02
3.256328125000000000e+02
3.266679687500000000e+02
3.267890625000000000e+02
3.267890625000000000e+02
3.256914062500000000e+02
3.256718750000000000e+02
3.256210937500000000e+02
3.267304687500000000e+02
3.267304687500000000e+02
3.255820312500000000e+02
3.256757812500000000e+02
3.256992187500000000e+02
3.256718750000000000e+02
3.267343750000000000e+02
3.267304687500000000e+02
3.267304687500000000e+02
3.267929687500000000e+02
3.256132812500000000e+02
3.266835937500000000e+02
3.267148437500000000e+02
3.256992187500000000e+02
3.256992187500000000e+02
3.258125000000000000e+02
3.267929687500000000e+02
3.266718750000000000e+02
3.256757812500000000e+02
3.266757812500000000e+02
3.256796875000000000e+02
3.267460937500000000e+02
3.256992187500000000e+02
3.256757812500000000e+02
3.258710937500000000e+02
3.267382812500000000e+02
3.267460937500000000e+02
3.266601562500000000e+02
3.267460937500000000e+02
3.267460937500000000e+02
3.256796875000000000e+02
3.267460937500000000e+02
3.256953125000000000e+02
3.255781250000000000e+02
3.266601562500000000e+02
3.267187500000000000e+02
3.267187500000000000e+02
3.256796875000000000e+02
3.267460937500000000e+02
3.267500000000000000e+02
3.267304687500000000e+02
3.267109375000000000e+02
3.267578125000000000e+02
3.256796875000000000e+02
3.256367187500000000e+02
3.267500000000000000e+02
3.267226562500000000e+02
3.266562500000000000e+02
3.262304687500000000e+02
3.267500000000000000e+02
3.256640625000000000e+02
3.267187500000000000e+02
3.256835937500000000e+02
3.267968750000000000e+02
3.267539062500000000e+02
3.267421875000000000e+02
3.256992187500000000e+02
3.256992187500000000e+02
3.267304687500000000e+02
3.258593750000000000e+02
3.266757812500000000e+02
3.268046875000000000e+02
3.266796875000000000e+02
3.256914062500000000e+02
3.268007812500000000e+02
3.267539062500000000e+02
3.257031250000000000e+02
3.267539062500000000e+02
3.266757812500000000e+02
3.255976562500000000e+02
3.268007812500000000e+02
3.267578125000000000e+02
3.267539062500000000e+02
3.256210937500000000e+02
3.266835937500000000e+02
3.257031250000000000e+02
3.266835937500000000e+02
3.266679687500000000e+02
3.256171875000000000e+02
3.267304687500000000e+02
3.267578125000000000e+02
3.257109375000000000e+02
3.257070312500000000e+02
3.267343750000000000e+02
3.266796875000000000e+02
3.267656250000000000e+02
3.267617187500000000e+02
3.267578125000000000e+02
3.267421875000000000e+02
3.257070312500000000e+02
3.256914062500000000e+02
3.257070312500000000e+02
3.267578125000000000e+02
3.256914062500000000e+02
3.267617187500000000e+02
3.266875000000000000e+02
3.267500000000000000e+02
3.267265625000000000e+02
3.257109375000000000e+02
3.256835937500000000e+02
3.256914062500000000e+02
3.266953125000000000e+02
3.266796875000000000e+02
3.256328125000000000e+02
3.258671875000000000e+02
3.267343750000000000e+02
3.267617187500000000e+02
3.267617187500000000e+02
3.256328125000000000e+02
3.267617187500000000e+02
3.267617187500000000e+02
3.266757812500000000e+02
3.265820312500000000e+02
3.267617187500000000e+02
3.267656250000000000e+02
3.267031250000000000e+02
3.266679687500000000e+02
3.256445312500000000e+02
3.256445312500000000e+02
3.267656250000000000e+02
3.267500000000000000e+02
3.266875000000000000e+02
3.267617187500000000e+02
3.267695312500000000e+02
3.266953125000000000e+02
3.257148437500000000e+02
3.257031250000000000e+02
3.257187500000000000e+02
3.267656250000000000e+02
3.267695312500000000e+02
3.267656250000000000e+02
3.267656250000000000e+02
3.267500000000000000e+02
3.257031250000000000e+02
3.267656250000000000e+02
3.256523437500000000e+02
3.257187500000000000e+02
3.266875000000000000e+02
3.257031250000000000e+02
3.267734375000000000e+02
3.267656250000000000e+02
3.257148437500000000e+02
3.255703125000000000e+02
3.267656250000000000e+02
3.256992187500000000e+02
3.267773437500000000e+02
3.267695312500000000e+02
3.257070312500000000e+02
3.257187500000000000e+02
3.267226562500000000e+02
3.257187500000000000e+02
3.256132812500000000e+02
3.256484375000000000e+02
3.257265625000000000e+02
3.267695312500000000e+02
3.267460937500000000e+02
3.267773437500000000e+02
3.266835937500000000e+02
3.267734375000000000e+02
3.256367187500000000e+02
3.267695312500000000e+02
3.257187500000000000e+02
3.266992187500000000e+02
3.267695312500000000e+02
3.266992187500000000e+02
3.267734375000000000e+02
3.256757812500000000e+02
3.267734375000000000e+02
3.267812500000000000e+02
3.267539062500000000e+02
3.267734375000000000e+02
3.258554687500000000e+02
3.267734375000000000e+02
3.257226562500000000e+02
3.267656250000000000e+02
3.266093750000000000e+02
3.257226562500000000e+02
3.256445312500000000e+02
3.256445312500000000e+02
3.267460937500000000e+02
3.267539062500000000e+02
3.267734375000000000e+02
3.266953125000000000e+02
3.257265625000000000e+02
3.267773437500000000e+02
3.257226562500000000e+02
3.267773437500000000e+02
3.256875000000000000e+02
3.267773437500000000e+02
3.267773437500000000e+02
3.266914062500000000e+02
3.268281250000000000e+02
3.267500000000000000e+02
3.257265625000000000e+02
3.267109375000000000e+02
3.257265625000000000e+02
3.257265625000000000e+02
3.267773437500000000e+02
3.267500000000000000e+02
3.256523437500000000e+02
3.257265625000000000e+02
3.268242187500000000e+02
3.257304687500000000e+02
3.257304687500000000e+02
3.255507812500000000e+02
3.267812500000000000e+02
3.257421875000000000e+02
3.267734375000000000e+02
3.268359375000000000e+02
3.257148437500000000e+02
3.266992187500000000e+02
3.267851562500000000e+02
3.257148437500000000e+02
3.267617187500000000e+02
3.268398437500000000e+02
3.267890625000000000e+02
3.268398437500000000e+02
3.258359375000000000e+02
3.268398437500000000e+02
3.256523437500000000e+02
3.257382812500000000e+02
3.267578125000000000e+02
3.267890625000000000e+02
3.267617187500000000e+02
3.267187500000000000e+02
3.259375000000000000e+02
3.267890625000000000e+02
3.268007812500000000e+02
3.267304687500000000e+02
3.267929687500000000e+02
3.267148437500000000e+02
3.267304687500000000e+02
3.257421875000000000e+02
3.267851562500000000e+02
3.257500000000000000e+02
3.257460937500000000e+02
3.256640625000000000e+02
3.268007812500000000e+02
3.267929687500000000e+02
3.267421875000000000e+02
3.267109375000000000e+02
3.260976562500000000e+02
3.267656250000000000e+02
3.267929687500000000e+02
3.267929687500000000e+02
3.267773437500000000e+02
3.256718750000000000e+02
3.267031250000000000e+02
3.267734375000000000e+02
3.268007812500000000e+02
3.257460937500000000e+02
3.267226562500000000e+02
3.267968750000000000e+02
3.257265625000000000e+02
3.267968750000000000e+02
3.259609375000000000e+02
3.267578125000000000e+02
3.267773437500000000e+02
3.256679687500000000e+02
3.267968750000000000e+02
3.257460937500000000e+02
3.267187500000000000e+02
3.267968750000000000e+02
3.256679687500000000e+02
3.257500000000000000e+02
3.257500000000000000e+02
3.268437500000000000e+02
3.257460937500000000e+02
3.267968750000000000e+02
3.257500000000000000e+02
3.268046875000000000e+02
3.268085937500000000e+02
3.256679687500000000e+02
3.268007812500000000e+02
3.258867187500000000e+02
3.267734375000000000e+02
3.257382812500000000e+02
3.268007812500000000e+02
3.267968750000000000e+02
3.257343750000000000e+02
3.269960937500000000e+02
3.270468750000000000e+02
3.270507812500000000e+02
3.270507812500000000e+02
3.270507812500000000e+02
3.270507812500000000e+02
3.270507812500000000e+02
3.270507812500000000e+02
3.270507812500000000e+02
3.270507812500000000e+02
3.270546875000000000e+02
3.270546875000000000e+02
3.270546875000000000e+02
3.270546875000000000e+02
3.270546875000000000e+02
3.270546875000000000e+02
3.270546875000000000e+02
3.270546875000000000e+02
3.270546875000000000e+02
3.270546875000000000e+02
3.270546875000000000e+02
3.270546875000000000e+02
3.270546875000000000e+02
3.270546875000000000e+02
3.270546875000000000e+02
3.270546875000000000e+02
3.270546875000000000e+02
3.270546875000000000e+02
3.270546875000000000e+02
3.270546875000000000e+02
3.270546875000000000e+02
3.270585937500000000e+02
3.270585937500000000e+02
3.270585937500000000e+02
3.270585937500000000e+02
3.270585937500000000e+02
3.270585937500000000e+02
3.270585937500000000e+02
3.270585937500000000e+02
3.270585937500000000e+02
3.270585937500000000e+02
3.270585937500000000e+02
3.270585937500000000e+02
3.270585937500000000e+02
3.270585937500000000e+02
3.270585937500000000e+02
3.270585937500000000e+02
3.270585937500000000e+02
3.270585937500000000e+02
3.270585937500000000e+02
3.270585937500000000e+02
3.270585937500000000e+02
3.270585937500000000e+02
3.270625000000000000e+02
3.270625000000000000e+02
3.270625000000000000e+02
3.270625000000000000e+02
3.270625000000000000e+02
3.270625000000000000e+02
3.270625000000000000e+02
3.270625000000000000e+02
3.270625000000000000e+02
3.270625000000000000e+02
3.270625000000000000e+02
3.270625000000000000e+02
3.270625000000000000e+02
3.270625000000000000e+02
3.270625000000000000e+02
3.270625000000000000e+02
3.270625000000000000e+02
3.270625000000000000e+02
3.270625000000000000e+02
3.270625000000000000e+02
3.270625000000000000e+02
3.270664062500000000e+02
3.270664062500000000e+02
3.270664062500000000e+02
3.270664062500000000e+02
3.270664062500000000e+02
3.270664062500000000e+02
3.270664062500000000e+02
3.270664062500000000e+02
3.270664062500000000e+02
3.270664062500000000e+02
3.270664062500000000e+02
3.270664062500000000e+02
3.270664062500000000e+02
3.270664062500000000e+02
3.270664062500000000e+02
3.270664062500000000e+02
3.270664062500000000e+02
3.270664062500000000e+02
3.270664062500000000e+02
3.270664062500000000e+02
3.270703125000000000e+02
3.270703125000000000e+02
3.270703125000000000e+02
3.270703125000000000e+02
3.270703125000000000e+02
3.270703125000000000e+02
3.270703125000000000e+02
3.270703125000000000e+02
3.270703125000000000e+02
3.270703125000000000e+02
3.270703125000000000e+02
3.270703125000000000e+02
3.270703125000000000e+02
3.270703125000000000e+02
3.270703125000000000e+02
3.270703125000000000e+02
3.270703125000000000e+02
3.270703125000000000e+02
3.270703125000000000e+02
3.270703125000000000e+02
3.270703125000000000e+02
3.270742187500000000e+02
3.270742187500000000e+02
3.270742187500000000e+02
3.270742187500000000e+02
3.270742187500000000e+02
3.270742187500000000e+02
3.270742187500000000e+02
3.270742187500000000e+02
3.270742187500000000e+02
3.270742187500000000e+02
3.270742187500000000e+02
3.270742187500000000e+02
3.270742187500000000e+02
3.270742187500000000e+02
3.270742187500000000e+02
3.270742187500000000e+02
3.270742187500000000e+02
3.270742187500000000e+02
3.270742187500000000e+02
3.270742187500000000e+02
3.270742187500000000e+02
3.270781250000000000e+02
3.270781250000000000e+02
3.270781250000000000e+02
3.270781250000000000e+02
3.270781250000000000e+02
3.270781250000000000e+02
3.270781250000000000e+02
3.270781250000000000e+02
3.270781250000000000e+02
3.270781250000000000e+02
3.270781250000000000e+02
3.270781250000000000e+02
3.270781250000000000e+02
3.270781250000000000e+02
3.270781250000000000e+02
3.270781250000000000e+02
3.270781250000000000e+02
3.270781250000000000e+02
3.270781250000000000e+02
3.270781250000000000e+02
3.270781250000000000e+02
3.270820312500000000e+02
3.270820312500000000e+02
3.270820312500000000e+02
3.270820312500000000e+02
3.270820312500000000e+02
3.270820312500000000e+02
3.270820312500000000e+02
3.270820312500000000e+02
3.270820312500000000e+02
3.270820312500000000e+02
3.270820312500000000e+02
3.270820312500000000e+02
3.270820312500000000e+02
3.270820312500000000e+02
3.270820312500000000e+02
3.270820312500000000e+02
3.270820312500000000e+02
3.270820312500000000e+02
3.270820312500000000e+02
3.270820312500000000e+02
3.270820312500000000e+02
3.270859375000000000e+02
3.270859375000000000e+02
3.270859375000000000e+02
3.270859375000000000e+02
3.270859375000000000e+02
3.270859375000000000e+02
3.270859375000000000e+02
3.270859375000000000e+02
3.270859375000000000e+02
3.270859375000000000e+02
3.270859375000000000e+02
3.270859375000000000e+02
3.270859375000000000e+02
3.270859375000000000e+02
3.270859375000000000e+02
3.270859375000000000e+02
3.270859375000000000e+02
3.270859375000000000e+02
3.270859375000000000e+02
3.270859375000000000e+02
3.270859375000000000e+02
3.270898437500000000e+02
3.270898437500000000e+02
3.270898437500000000e+02
3.270898437500000000e+02
3.270898437500000000e+02
3.270898437500000000e+02
3.270898437500000000e+02
3.270898437500000000e+02
3.270898437500000000e+02
3.270898437500000000e+02
3.270898437500000000e+02
3.270898437500000000e+02
3.270898437500000000e+02
3.270898437500000000e+02
3.270898437500000000e+02
3.270898437500000000e+02
3.270898437500000000e+02
3.270898437500000000e+02
3.270898437500000000e+02
3.270898437500000000e+02
3.270898437500000000e+02
3.270937500000000000e+02
3.270937500000000000e+02
3.270937500000000000e+02
3.270937500000000000e+02
3.270937500000000000e+02
3.270937500000000000e+02
3.270937500000000000e+02
3.270937500000000000e+02
3.270937500000000000e+02
3.270937500000000000e+02
3.270937500000000000e+02
3.270937500000000000e+02
3.270937500000000000e+02
3.270937500000000000e+02
3.270937500000000000e+02
3.270937500000000000e+02
3.270937500000000000e+02
3.270937500000000000e+02
3.270937500000000000e+02
3.270937500000000000e+02
3.270937500000000000e+02
3.270976562500000000e+02
3.270976562500000000e+02
3.270976562500000000e+02
3.270976562500000000e+02
3.270976562500000000e+02
3.270976562500000000e+02
3.270976562500000000e+02
3.270976562500000000e+02
3.270976562500000000e+02
3.270976562500000000e+02
3.270976562500000000e+02
3.270976562500000000e+02
3.270976562500000000e+02
3.270976562500000000e+02
3.270976562500000000e+02
3.270976562500000000e+02
3.270976562500000000e+02
3.270976562500000000e+02
3.270976562500000000e+02
3.270976562500000000e+02
3.270976562500000000e+02
3.271015625000000000e+02
3.271015625000000000e+02
3.271015625000000000e+02
3.271015625000000000e+02
3.271015625000000000e+02
3.271015625000000000e+02
3.271015625000000000e+02
3.271015625000000000e+02
3.271015625000000000e+02
3.271015625000000000e+02
3.271015625000000000e+02
3.271015625000000000e+02
3.271015625000000000e+02
3.271015625000000000e+02
3.271015625000000000e+02
3.271015625000000000e+02
3.271015625000000000e+02
3.271015625000000000e+02
3.271015625000000000e+02
3.271015625000000000e+02
3.271015625000000000e+02
3.271054687500000000e+02
3.271054687500000000e+02
3.271054687500000000e+02
3.271054687500000000e+02
3.271054687500000000e+02
3.271054687500000000e+02
3.271054687500000000e+02
3.271054687500000000e+02
3.271054687500000000e+02
3.271054687500000000e+02
3.271054687500000000e+02
3.271054687500000000e+02
3.271054687500000000e+02
3.271054687500000000e+02
3.271054687500000000e+02
3.271054687500000000e+02
3.271054687500000000e+02
3.271054687500000000e+02
3.271054687500000000e+02
3.271054687500000000e+02
3.271054687500000000e+02
3.271093750000000000e+02
3.271093750000000000e+02
3.271093750000000000e+02
3.271093750000000000e+02
3.271093750000000000e+02
3.271093750000000000e+02
3.271093750000000000e+02
3.271093750000000000e+02
3.271093750000000000e+02
3.271093750000000000e+02
3.271093750000000000e+02
3.271093750000000000e+02
3.271093750000000000e+02
3.271093750000000000e+02
3.271093750000000000e+02
3.271093750000000000e+02
3.271093750000000000e+02
3.271093750000000000e+02
3.271093750000000000e+02
3.271093750000000000e+02
3.271093750000000000e+02
3.271132812500000000e+02
3.271132812500000000e+02
3.271132812500000000e+02
3.271132812500000000e+02
3.271132812500000000e+02
3.271132812500000000e+02
3.271132812500000000e+02
3.271132812500000000e+02
3.271132812500000000e+02
3.271132812500000000e+02
3.271132812500000000e+02
3.271132812500000000e+02
3.271132812500000000e+02
3.271132812500000000e+02
3.271132812500000000e+02
3.271132812500000000e+02
3.271132812500000000e+02
3.271132812500000000e+02
3.271132812500000000e+02
3.271132812500000000e+02
3.271132812500000000e+02
3.271171875000000000e+02
3.271171875000000000e+02
3.271171875000000000e+02
3.271171875000000000e+02
3.271171875000000000e+02
3.271171875000000000e+02
3.271171875000000000e+02
3.271171875000000000e+02
3.271171875000000000e+02
3.271171875000000000e+02
3.271171875000000000e+02
3.271171875000000000e+02
3.271171875000000000e+02
3.271171875000000000e+02
3.271171875000000000e+02
3.271171875000000000e+02
3.271171875000000000e+02
3.271171875000000000e+02
3.271171875000000000e+02
3.271171875000000000e+02
3.271171875000000000e+02
3.271210937500000000e+02
3.271210937500000000e+02
3.271210937500000000e+02
3.271210937500000000e+02
3.271210937500000000e+02
3.271210937500000000e+02
3.271210937500000000e+02
3.271210937500000000e+02
3.271210937500000000e+02
3.271210937500000000e+02
3.271210937500000000e+02
3.271210937500000000e+02
3.271210937500000000e+02
3.271210937500000000e+02
3.271210937500000000e+02
3.271210937500000000e+02
3.271210937500000000e+02
3.271210937500000000e+02
3.271210937500000000e+02
3.271210937500000000e+02
3.271210937500000000e+02
3.271250000000000000e+02
3.271250000000000000e+02
3.271250000000000000e+02
3.271250000000000000e+02
3.271250000000000000e+02
3.271250000000000000e+02
3.271250000000000000e+02
3.271250000000000000e+02
3.271250000000000000e+02
3.271250000000000000e+02
3.271250000000000000e+02
3.271250000000000000e+02
3.271250000000000000e+02
3.271250000000000000e+02
3.271250000000000000e+02
3.271250000000000000e+02
3.271250000000000000e+02
3.271250000000000000e+02
3.271250000000000000e+02
3.271250000000000000e+02
3.271289062500000000e+02
3.271289062500000000e+02
3.271289062500000000e+02
3.271289062500000000e+02
3.271289062500000000e+02
3.271289062500000000e+02
3.271289062500000000e+02
3.271289062500000000e+02
3.271289062500000000e+02
3.271289062500000000e+02
3.271289062500000000e+02
3.271289062500000000e+02
3.271289062500000000e+02
3.271289062500000000e+02
3.272109375000000000e+02
3.272109375000000000e+02
3.272109375000000000e+02
3.272109375000000000e+02
3.272109375000000000e+02
3.272109375000000000e+02
3.272109375000000000e+02
3.272148437500000000e+02
3.272148437500000000e+02
3.272148437500000000e+02
3.272148437500000000e+02
3.272148437500000000e+02
3.272148437500000000e+02
3.272148437500000000e+02
3.272148437500000000e+02
3.272148437500000000e+02
3.272148437500000000e+02
3.272148437500000000e+02
3.272148437500000000e+02
3.272148437500000000e+02
3.272148437500000000e+02
3.272148437500000000e+02
3.272148437500000000e+02
3.272148437500000000e+02
3.272148437500000000e+02
3.272148437500000000e+02
3.272148437500000000e+02
3.272187500000000000e+02
3.272187500000000000e+02
3.272187500000000000e+02
3.272187500000000000e+02
3.272187500000000000e+02
3.272187500000000000e+02
3.272187500000000000e+02
3.272187500000000000e+02
3.272187500000000000e+02
3.272187500000000000e+02
3.272187500000000000e+02
3.272187500000000000e+02
3.272187500000000000e+02
3.272187500000000000e+02
3.272187500000000000e+02
3.272187500000000000e+02
3.272187500000000000e+02
3.272187500000000000e+02
3.272187500000000000e+02
3.272187500000000000e+02
3.272187500000000000e+02
3.272226562500000000e+02
3.272226562500000000e+02
3.272226562500000000e+02
3.272226562500000000e+02
3.272226562500000000e+02
3.272226562500000000e+02
3.272226562500000000e+02
3.272226562500000000e+02
3.272226562500000000e+02
3.272226562500000000e+02
3.272226562500000000e+02
3.272226562500000000e+02
3.272226562500000000e+02
3.272226562500000000e+02
3.272226562500000000e+02
3.272226562500000000e+02
3.272226562500000000e+02
3.272226562500000000e+02
3.272226562500000000e+02
3.272226562500000000e+02
3.272226562500000000e+02
3.272265625000000000e+02
3.272265625000000000e+02
3.272265625000000000e+02
3.272265625000000000e+02
3.272265625000000000e+02
3.272265625000000000e+02
3.272265625000000000e+02
3.272265625000000000e+02
3.272265625000000000e+02
3.272265625000000000e+02
3.272265625000000000e+02
3.272265625000000000e+02
3.272265625000000000e+02
3.272265625000000000e+02
3.272265625000000000e+02
3.272265625000000000e+02
3.272265625000000000e+02
3.272265625000000000e+02
3.272265625000000000e+02
3.272265625000000000e+02
3.272265625000000000e+02
3.272304687500000000e+02
3.272304687500000000e+02
3.272304687500000000e+02
3.272304687500000000e+02
3.272304687500000000e+02
3.272304687500000000e+02
3.272304687500000000e+02
3.272304687500000000e+02
3.272304687500000000e+02
3.272304687500000000e+02
3.272304687500000000e+02
3.272304687500000000e+02
3.272304687500000000e+02
3.272304687500000000e+02
3.272304687500000000e+02
3.272304687500000000e+02
3.272304687500000000e+02
3.272304687500000000e+02
3.272304687500000000e+02
3.272304687500000000e+02
3.272304687500000000e+02
3.272343750000000000e+02
3.272343750000000000e+02
3.272343750000000000e+02
3.272343750000000000e+02
3.272343750000000000e+02
3.272343750000000000e+02
3.272343750000000000e+02
3.272343750000000000e+02
3.272343750000000000e+02
3.272343750000000000e+02
3.272343750000000000e+02
3.272343750000000000e+02
3.272343750000000000e+02
3.272343750000000000e+02
3.272343750000000000e+02
3.272343750000000000e+02
3.272343750000000000e+02
3.272343750000000000e+02
3.272343750000000000e+02
3.272343750000000000e+02
3.272343750000000000e+02
3.272382812500000000e+02
3.272382812500000000e+02
3.272382812500000000e+02
3.272382812500000000e+02
3.272382812500000000e+02
3.272382812500000000e+02
3.272382812500000000e+02
3.272382812500000000e+02
3.272382812500000000e+02
3.272382812500000000e+02
3.272382812500000000e+02
3.272382812500000000e+02
3.272382812500000000e+02
3.272382812500000000e+02
3.272382812500000000e+02
3.272382812500000000e+02
3.272382812500000000e+02
3.272382812500000000e+02
3.272382812500000000e+02
3.272382812500000000e+02
3.272382812500000000e+02
3.272421875000000000e+02
3.272421875000000000e+02
3.272421875000000000e+02
3.272421875000000000e+02
3.272421875000000000e+02
3.272421875000000000e+02
3.272421875000000000e+02
3.272421875000000000e+02
3.272421875000000000e+02
3.272421875000000000e+02
3.272421875000000000e+02
3.272421875000000000e+02
3.272421875000000000e+02
3.272421875000000000e+02
3.272421875000000000e+02
3.272421875000000000e+02
3.272421875000000000e+02
3.272421875000000000e+02
3.272421875000000000e+02
3.272421875000000000e+02
3.272421875000000000e+02
3.272460937500000000e+02
3.272460937500000000e+02
3.272460937500000000e+02
3.272460937500000000e+02
3.272460937500000000e+02
3.272460937500000000e+02
3.272460937500000000e+02
3.272460937500000000e+02
3.272460937500000000e+02
3.272460937500000000e+02
3.272460937500000000e+02
3.272460937500000000e+02
3.272460937500000000e+02
3.272460937500000000e+02
3.272460937500000000e+02
3.272460937500000000e+02
3.272460937500000000e+02
3.272460937500000000e+02
3.272460937500000000e+02
3.272460937500000000e+02
3.272460937500000000e+02
3.272500000000000000e+02
3.272500000000000000e+02
3.272500000000000000e+02
3.272500000000000000e+02
3.272500000000000000e+02
3.272500000000000000e+02
3.272500000000000000e+02
3.272500000000000000e+02
3.272500000000000000e+02
3.272500000000000000e+02
3.272500000000000000e+02
3.272500000000000000e+02
3.272500000000000000e+02
3.272500000000000000e+02
3.272500000000000000e+02
3.272500000000000000e+02
3.272500000000000000e+02
3.272500000000000000e+02
3.272500000000000000e+02
3.272500000000000000e+02
3.272500000000000000e+02
3.272539062500000000e+02
3.272539062500000000e+02
3.272539062500000000e+02
3.272539062500000000e+02
3.272539062500000000e+02
3.272539062500000000e+02
3.272539062500000000e+02
3.272539062500000000e+02
3.272539062500000000e+02
3.272539062500000000e+02
3.272539062500000000e+02
3.272539062500000000e+02
3.272539062500000000e+02
3.272539062500000000e+02
3.272539062500000000e+02
3.272539062500000000e+02
3.272539062500000000e+02
3.272539062500000000e+02
3.272539062500000000e+02
3.272539062500000000e+02
3.272539062500000000e+02
3.272578125000000000e+02
3.272578125000000000e+02
3.272578125000000000e+02
3.272578125000000000e+02
3.272578125000000000e+02
3.272578125000000000e+02
3.272578125000000000e+02
3.272578125000000000e+02
3.272578125000000000e+02
3.272578125000000000e+02
3.272578125000000000e+02
3.272578125000000000e+02
3.272578125000000000e+02
3.272578125000000000e+02
3.272578125000000000e+02
3.272578125000000000e+02
3.272578125000000000e+02
3.272578125000000000e+02
3.272578125000000000e+02
3.272578125000000000e+02
3.272578125000000000e+02
3.272617187500000000e+02
3.272617187500000000e+02
3.272617187500000000e+02
3.272617187500000000e+02
3.272617187500000000e+02
3.272617187500000000e+02
3.272617187500000000e+02
3.272617187500000000e+02
3.272617187500000000e+02
3.272617187500000000e+02
3.272617187500000000e+02
3.272617187500000000e+02
3.272617187500000000e+02
3.272617187500000000e+02
3.272617187500000000e+02
3.272617187500000000e+02
3.272617187500000000e+02
3.272617187500000000e+02
3.272617187500000000e+02
3.272617187500000000e+02
3.272617187500000000e+02
3.272656250000000000e+02
3.272656250000000000e+02
3.272656250000000000e+02
3.272656250000000000e+02
3.272656250000000000e+02
3.272656250000000000e+02
3.272656250000000000e+02
3.272656250000000000e+02
3.272656250000000000e+02
3.272656250000000000e+02
3.272656250000000000e+02
3.272656250000000000e+02
3.272656250000000000e+02
3.272656250000000000e+02
3.272656250000000000e+02
3.272656250000000000e+02
3.272656250000000000e+02
3.272656250000000000e+02
3.272656250000000000e+02
3.272656250000000000e+02
3.272656250000000000e+02
3.272695312500000000e+02
3.272695312500000000e+02
3.272695312500000000e+02
3.272695312500000000e+02
3.272695312500000000e+02
3.272695312500000000e+02
3.272695312500000000e+02
3.272695312500000000e+02
3.272695312500000000e+02
3.272695312500000000e+02
3.272695312500000000e+02
3.272695312500000000e+02
3.272695312500000000e+02
3.272695312500000000e+02
3.272695312500000000e+02
3.272695312500000000e+02
3.272695312500000000e+02
3.272695312500000000e+02
3.272695312500000000e+02
3.272695312500000000e+02
3.272695312500000000e+02
3.272695312500000000e+02
3.272695312500000000e+02
3.272695312500000000e+02
3.272695312500000000e+02
3.272695312500000000e+02
3.272695312500000000e+02
3.272695312500000000e+02
3.272695312500000000e+02
3.272695312500000000e+02
3.272695312500000000e+02
3.272695312500000000e+02
3.272695312500000000e+02
3.272695312500000000e+02
3.272695312500000000e+02
3.272695312500000000e+02
3.272695312500000000e+02
3.272695312500000000e+02
3.272695312500000000e+02
3.272695312500000000e+02
3.272695312500000000e+02
3.272695312500000000e+02
3.272695312500000000e+02
3.272695312500000000e+02
3.272695312500000000e+02
3.272695312500000000e+02
3.272695312500000000e+02
3.272695312500000000e+02
3.272695312500000000e+02
3.272695312500000000e+02
3.272695312500000000e+02
3.272695312500000000e+02
3.272695312500000000e+02
3.272695312500000000e+02
3.272695312500000000e+02
3.272695312500000000e+02
3.272695312500000000e+02
3.272695312500000000e+02
3.272695312500000000e+02
3.272695312500000000e+02
3.272695312500000000e+02
3.272695312500000000e+02
3.272695312500000000e+02
3.272695312500000000e+02
3.272695312500000000e+02
3.272695312500000000e+02
3.272695312500000000e+02
3.272695312500000000e+02
3.272695312500000000e+02
3.272695312500000000e+02
3.272695312500000000e+02
3.272695312500000000e+02
3.272695312500000000e+02
3.272695312500000000e+02
3.272695312500000000e+02
3.272695312500000000e+02
3.272695312500000000e+02
3.272695312500000000e+02
3.272695312500000000e+02
3.272695312500000000e+02
3.272695312500000000e+02
3.272695312500000000e+02
3.272695312500000000e+02
3.272695312500000000e+02
3.272695312500000000e+02
3.272695312500000000e+02
3.272695312500000000e+02
3.272695312500000000e+02
3.272695312500000000e+02
3.272695312500000000e+02
3.272695312500000000e+02
3.272695312500000000e+02
3.272695312500000000e+02
3.272695312500000000e+02
3.272695312500000000e+02
3.272695312500000000e+02
3.272695312500000000e+02
3.272695312500000000e+02
3.272695312500000000e+02
3.272695312500000000e+02
3.272695312500000000e+02
3.272695312500000000e+02
3.272695312500000000e+02
3.272695312500000000e+02
3.272695312500000000e+02
3.272695312500000000e+02
3.272695312500000000e+02
3.272695312500000000e+02
3.272695312500000000e+02
3.272695312500000000e+02
3.272695312500000000e+02
3.272695312500000000e+02
3.272695312500000000e+02
3.272695312500000000e+02
3.272695312500000000e+02
3.272695312500000000e+02
3.272695312500000000e+02
3.272695312500000000e+02
3.272695312500000000e+02
3.272695312500000000e+02
3.272695312500000000e+02
3.272695312500000000e+02
3.272695312500000000e+02
3.272695312500000000e+02
3.272734375000000000e+02
3.272890625000000000e+02
3.272773437500000000e+02
3.272929687500000000e+02
3.272773437500000000e+02
3.272929687500000000e+02
3.272929687500000000e+02
3.272773437500000000e+02
3.272929687500000000e+02
3.272929687500000000e+02
3.272695312500000000e+02
3.272695312500000000e+02
3.272695312500000000e+02
3.272695312500000000e+02
3.272695312500000000e+02
3.272773437500000000e+02
3.272773437500000000e+02
3.272929687500000000e+02
3.272929687500000000e+02
3.272695312500000000e+02
3.272773437500000000e+02
3.272929687500000000e+02
3.272773437500000000e+02
3.272968750000000000e+02
3.272968750000000000e+02
3.272968750000000000e+02
3.272968750000000000e+02
3.272968750000000000e+02
3.272968750000000000e+02
3.272968750000000000e+02
3.272968750000000000e+02
3.272968750000000000e+02
3.272968750000000000e+02
3.272968750000000000e+02
3.272968750000000000e+02
3.272968750000000000e+02
3.272968750000000000e+02
3.272968750000000000e+02
3.272968750000000000e+02
3.272968750000000000e+02
3.272968750000000000e+02
3.272968750000000000e+02
3.272968750000000000e+02
3.272968750000000000e+02
3.273007812500000000e+02
3.273007812500000000e+02
3.273007812500000000e+02
3.273007812500000000e+02
3.273007812500000000e+02
3.273007812500000000e+02
3.273007812500000000e+02
3.273007812500000000e+02
3.273007812500000000e+02
3.273007812500000000e+02
3.273007812500000000e+02
3.273007812500000000e+02
3.273007812500000000e+02
3.273007812500000000e+02
3.273007812500000000e+02
3.273007812500000000e+02
3.273007812500000000e+02
3.273007812500000000e+02
3.273007812500000000e+02
3.273007812500000000e+02
3.273007812500000000e+02
3.273046875000000000e+02
3.273046875000000000e+02
3.273046875000000000e+02
3.273046875000000000e+02
3.273046875000000000e+02
3.273046875000000000e+02
3.273046875000000000e+02
3.273046875000000000e+02
3.273046875000000000e+02
3.273046875000000000e+02
3.273046875000000000e+02
3.273046875000000000e+02
3.273046875000000000e+02
3.273046875000000000e+02
3.273046875000000000e+02
3.273046875000000000e+02
3.273046875000000000e+02
3.273046875000000000e+02
3.273046875000000000e+02
3.273046875000000000e+02
3.273046875000000000e+02
3.273085937500000000e+02
3.273085937500000000e+02
3.273085937500000000e+02
3.273085937500000000e+02
3.273085937500000000e+02
3.273085937500000000e+02
3.273085937500000000e+02
3.273085937500000000e+02
3.273085937500000000e+02
3.273085937500000000e+02
3.273085937500000000e+02
3.273085937500000000e+02
3.273085937500000000e+02
3.273085937500000000e+02
3.273085937500000000e+02
3.273085937500000000e+02
3.273085937500000000e+02
3.273085937500000000e+02
3.273085937500000000e+02
3.273085937500000000e+02
3.273085937500000000e+02
3.273125000000000000e+02
3.273125000000000000e+02
3.273125000000000000e+02
3.273125000000000000e+02
3.273125000000000000e+02
3.273125000000000000e+02
3.273125000000000000e+02
3.273125000000000000e+02
3.273125000000000000e+02
3.273125000000000000e+02
3.273125000000000000e+02
3.273125000000000000e+02
3.273125000000000000e+02
3.273125000000000000e+02
3.273125000000000000e+02
3.273125000000000000e+02
3.273125000000000000e+02
3.273125000000000000e+02
3.273125000000000000e+02
3.273125000000000000e+02
3.273125000000000000e+02
3.273164062500000000e+02
3.273164062500000000e+02
3.273164062500000000e+02
3.273164062500000000e+02
3.273164062500000000e+02
3.273164062500000000e+02
3.273164062500000000e+02
3.273164062500000000e+02
3.273164062500000000e+02
3.273164062500000000e+02
3.273164062500000000e+02
3.273164062500000000e+02
3.273164062500000000e+02
3.273164062500000000e+02
3.273164062500000000e+02
3.273164062500000000e+02
3.273164062500000000e+02
3.273164062500000000e+02
3.273164062500000000e+02
3.273164062500000000e+02
3.273164062500000000e+02
3.273203125000000000e+02
3.273203125000000000e+02
3.273203125000000000e+02
3.273203125000000000e+02
3.273203125000000000e+02
3.273203125000000000e+02
3.273203125000000000e+02
3.273203125000000000e+02
3.273203125000000000e+02
3.273203125000000000e+02
3.273203125000000000e+02
3.273203125000000000e+02
3.273203125000000000e+02
3.273203125000000000e+02
3.273203125000000000e+02
3.273203125000000000e+02
3.273203125000000000e+02
3.273203125000000000e+02
3.273203125000000000e+02
3.273203125000000000e+02
3.273203125000000000e+02
3.273242187500000000e+02
3.273242187500000000e+02
3.273242187500000000e+02
3.273242187500000000e+02
3.273242187500000000e+02
3.273242187500000000e+02
3.273242187500000000e+02
3.273242187500000000e+02
3.273242187500000000e+02
3.273242187500000000e+02
3.273242187500000000e+02
3.273242187500000000e+02
3.273242187500000000e+02
3.273242187500000000e+02
3.273242187500000000e+02
3.273242187500000000e+02
3.273242187500000000e+02
3.273242187500000000e+02
3.273242187500000000e+02
3.273242187500000000e+02
3.273242187500000000e+02
3.273281250000000000e+02
3.273281250000000000e+02
3.273281250000000000e+02
3.273281250000000000e+02
3.273281250000000000e+02
3.273281250000000000e+02
3.273281250000000000e+02
3.273281250000000000e+02
3.273281250000000000e+02
3.273281250000000000e+02
3.273281250000000000e+02
3.273281250000000000e+02
3.273281250000000000e+02
3.273281250000000000e+02
3.273281250000000000e+02
3.273281250000000000e+02
3.273281250000000000e+02
3.273281250000000000e+02
3.273281250000000000e+02
3.273281250000000000e+02
3.273281250000000000e+02
3.273320312500000000e+02
3.273320312500000000e+02
3.273320312500000000e+02
3.273320312500000000e+02
3.273320312500000000e+02
3.273320312500000000e+02
3.273320312500000000e+02
3.273320312500000000e+02
3.273320312500000000e+02
3.273320312500000000e+02
3.273320312500000000e+02
3.273320312500000000e+02
3.273320312500000000e+02
3.273320312500000000e+02
3.273320312500000000e+02
3.273320312500000000e+02
3.273320312500000000e+02
3.273320312500000000e+02
3.273320312500000000e+02
3.273320312500000000e+02
3.273320312500000000e+02
3.273359375000000000e+02
3.273359375000000000e+02
3.273359375000000000e+02
3.273359375000000000e+02
3.273359375000000000e+02
3.273359375000000000e+02
3.273359375000000000e+02
3.273359375000000000e+02
3.273359375000000000e+02
3.273359375000000000e+02
3.273359375000000000e+02
3.273359375000000000e+02
3.273359375000000000e+02
3.273359375000000000e+02
3.273359375000000000e+02
3.273359375000000000e+02
3.273359375000000000e+02
3.273359375000000000e+02
3.273359375000000000e+02
3.273359375000000000e+02
3.273359375000000000e+02
3.273398437500000000e+02
3.273398437500000000e+02
3.273398437500000000e+02
3.273398437500000000e+02
3.273398437500000000e+02
3.273398437500000000e+02
3.273398437500000000e+02
3.273398437500000000e+02
3.273398437500000000e+02
3.273398437500000000e+02
3.273398437500000000e+02
3.273398437500000000e+02
3.273398437500000000e+02
3.273398437500000000e+02
3.273398437500000000e+02
3.273398437500000000e+02
3.273398437500000000e+02
3.273398437500000000e+02
3.273398437500000000e+02
3.273398437500000000e+02
3.273398437500000000e+02
3.273437500000000000e+02
3.273437500000000000e+02
3.273437500000000000e+02
3.273437500000000000e+02
3.273437500000000000e+02
3.273437500000000000e+02
3.273437500000000000e+02
3.273437500000000000e+02
3.273437500000000000e+02
3.273437500000000000e+02
3.273437500000000000e+02
3.273437500000000000e+02
3.273437500000000000e+02
3.273437500000000000e+02
3.273437500000000000e+02
3.273437500000000000e+02
3.273437500000000000e+02
3.273437500000000000e+02
3.273437500000000000e+02
3.273437500000000000e+02
3.273437500000000000e+02
3.273476562500000000e+02
3.273476562500000000e+02
3.273476562500000000e+02
3.273476562500000000e+02
3.273476562500000000e+02
3.273476562500000000e+02
3.273476562500000000e+02
3.273476562500000000e+02
3.273476562500000000e+02
3.273476562500000000e+02
3.273476562500000000e+02
3.273476562500000000e+02
3.273476562500000000e+02
3.273476562500000000e+02
3.273476562500000000e+02
3.273476562500000000e+02
3.273476562500000000e+02
3.273476562500000000e+02
3.273476562500000000e+02
3.273476562500000000e+02
3.273476562500000000e+02
3.273515625000000000e+02
3.273515625000000000e+02
3.273515625000000000e+02
3.273515625000000000e+02
3.273515625000000000e+02
3.273515625000000000e+02
3.273515625000000000e+02
3.273515625000000000e+02
3.273515625000000000e+02
3.273515625000000000e+02
3.273515625000000000e+02
3.273515625000000000e+02
3.273515625000000000e+02
3.273515625000000000e+02
3.273515625000000000e+02
3.273515625000000000e+02
3.273515625000000000e+02
3.273515625000000000e+02
3.273515625000000000e+02
3.273515625000000000e+02
3.273515625000000000e+02
3.273554687500000000e+02
3.273554687500000000e+02
3.273554687500000000e+02
3.273554687500000000e+02
3.273554687500000000e+02
3.273554687500000000e+02
3.273554687500000000e+02
3.273554687500000000e+02
3.273554687500000000e+02
3.273554687500000000e+02
3.273554687500000000e+02
3.273554687500000000e+02
3.273554687500000000e+02
3.273554687500000000e+02
3.273554687500000000e+02
3.273554687500000000e+02
3.273554687500000000e+02
3.273554687500000000e+02
3.273554687500000000e+02
3.273554687500000000e+02
3.273554687500000000e+02
3.273593750000000000e+02
3.273593750000000000e+02
3.273593750000000000e+02
3.273593750000000000e+02
3.273593750000000000e+02
3.273593750000000000e+02
3.273593750000000000e+02
3.273593750000000000e+02
3.273593750000000000e+02
3.273593750000000000e+02
3.273593750000000000e+02
3.273593750000000000e+02
3.273593750000000000e+02
3.273593750000000000e+02
3.273593750000000000e+02
3.273593750000000000e+02
3.273593750000000000e+02
3.273593750000000000e+02
3.273593750000000000e+02
3.273593750000000000e+02
3.273593750000000000e+02
3.273632812500000000e+02
3.273632812500000000e+02
3.273632812500000000e+02
3.273632812500000000e+02
3.273632812500000000e+02
3.273632812500000000e+02
3.273632812500000000e+02
3.273632812500000000e+02
3.273632812500000000e+02
3.273632812500000000e+02
3.273632812500000000e+02
3.273632812500000000e+02
3.273632812500000000e+02
3.273632812500000000e+02
3.273632812500000000e+02
3.273632812500000000e+02
3.273632812500000000e+02
3.273632812500000000e+02
3.273632812500000000e+02
3.273632812500000000e+02
3.273632812500000000e+02
3.273671875000000000e+02
3.273671875000000000e+02
3.273671875000000000e+02
3.273671875000000000e+02
3.273671875000000000e+02
3.273671875000000000e+02
3.273671875000000000e+02
3.273671875000000000e+02
3.273671875000000000e+02
3.273671875000000000e+02
3.273671875000000000e+02
3.273671875000000000e+02
3.273671875000000000e+02
3.273671875000000000e+02
3.273671875000000000e+02
3.273671875000000000e+02
3.273671875000000000e+02
3.273671875000000000e+02
3.273671875000000000e+02
3.273671875000000000e+02
3.273671875000000000e+02
3.273710937500000000e+02
3.273710937500000000e+02
3.273710937500000000e+02
3.273710937500000000e+02
3.273710937500000000e+02
3.273710937500000000e+02
3.273710937500000000e+02
3.273710937500000000e+02
3.273710937500000000e+02
3.273710937500000000e+02
3.273710937500000000e+02
3.273710937500000000e+02
3.273710937500000000e+02
3.273710937500000000e+02
3.273710937500000000e+02
3.273710937500000000e+02
3.273710937500000000e+02
3.273710937500000000e+02
3.273710937500000000e+02
3.273710937500000000e+02
3.273710937500000000e+02
3.273750000000000000e+02
3.273750000000000000e+02
3.273750000000000000e+02
3.273750000000000000e+02
3.273750000000000000e+02
3.273750000000000000e+02
3.273750000000000000e+02
3.273750000000000000e+02
3.273750000000000000e+02
3.273750000000000000e+02
3.273750000000000000e+02
3.273750000000000000e+02
3.273750000000000000e+02
3.273750000000000000e+02
3.273750000000000000e+02
3.273750000000000000e+02
3.273750000000000000e+02
3.273750000000000000e+02
3.273750000000000000e+02
3.273750000000000000e+02
3.273750000000000000e+02
3.273789062500000000e+02
3.273789062500000000e+02
3.273789062500000000e+02
3.273789062500000000e+02
3.273789062500000000e+02
3.273789062500000000e+02
3.273789062500000000e+02
3.273789062500000000e+02
3.273789062500000000e+02
3.273789062500000000e+02
3.273789062500000000e+02
3.273789062500000000e+02
3.273789062500000000e+02
3.273789062500000000e+02
3.273789062500000000e+02
3.273789062500000000e+02
3.273789062500000000e+02
3.273789062500000000e+02
3.273789062500000000e+02
3.273789062500000000e+02
3.273789062500000000e+02
3.273828125000000000e+02
3.273828125000000000e+02
3.273828125000000000e+02
3.273828125000000000e+02
3.273828125000000000e+02
3.273828125000000000e+02
3.273828125000000000e+02
3.273828125000000000e+02
3.273828125000000000e+02
3.273828125000000000e+02
3.273828125000000000e+02
3.273828125000000000e+02
3.273828125000000000e+02
3.273828125000000000e+02
3.273828125000000000e+02
3.273828125000000000e+02
3.273828125000000000e+02
3.273828125000000000e+02
3.273828125000000000e+02
3.273828125000000000e+02
3.273828125000000000e+02
3.273867187500000000e+02
3.273867187500000000e+02
3.273867187500000000e+02
3.273867187500000000e+02
3.273867187500000000e+02
3.273867187500000000e+02
3.273867187500000000e+02
3.273867187500000000e+02
3.273867187500000000e+02
3.273867187500000000e+02
3.273867187500000000e+02
3.273867187500000000e+02
3.273867187500000000e+02
3.273867187500000000e+02
3.273867187500000000e+02
3.273867187500000000e+02
3.273867187500000000e+02
3.273867187500000000e+02
3.273867187500000000e+02
3.273867187500000000e+02
3.273867187500000000e+02
3.273906250000000000e+02
3.273906250000000000e+02
3.273906250000000000e+02
3.273906250000000000e+02
3.273906250000000000e+02
3.273906250000000000e+02
3.273906250000000000e+02
3.273906250000000000e+02
3.273906250000000000e+02
3.273906250000000000e+02
3.273906250000000000e+02
3.273906250000000000e+02
3.273906250000000000e+02
3.273906250000000000e+02
3.273906250000000000e+02
3.273906250000000000e+02
3.273906250000000000e+02
3.273906250000000000e+02
3.273906250000000000e+02
3.273906250000000000e+02
3.273906250000000000e+02
3.273945312500000000e+02
3.273945312500000000e+02
3.273945312500000000e+02
3.273945312500000000e+02
3.273945312500000000e+02
3.273945312500000000e+02
3.273945312500000000e+02
3.273945312500000000e+02
3.273945312500000000e+02
3.273945312500000000e+02
3.273945312500000000e+02
3.273945312500000000e+02
3.273945312500000000e+02
3.273945312500000000e+02
3.273945312500000000e+02
3.273945312500000000e+02
3.273945312500000000e+02
3.273945312500000000e+02
3.273945312500000000e+02
3.273945312500000000e+02
3.273945312500000000e+02
3.273984375000000000e+02
3.273984375000000000e+02
3.273984375000000000e+02
3.273984375000000000e+02
3.273984375000000000e+02
3.273984375000000000e+02
3.273984375000000000e+02
3.273984375000000000e+02
3.273984375000000000e+02
3.273984375000000000e+02
3.273984375000000000e+02
3.273984375000000000e+02
3.273984375000000000e+02
3.273984375000000000e+02
3.273984375000000000e+02
3.273984375000000000e+02
3.273984375000000000e+02
3.273984375000000000e+02
3.273984375000000000e+02
3.273984375000000000e+02
3.273984375000000000e+02
3.274023437500000000e+02
3.274023437500000000e+02
3.274023437500000000e+02
3.274023437500000000e+02
3.274023437500000000e+02
3.274023437500000000e+02
3.274023437500000000e+02
3.274023437500000000e+02
3.274023437500000000e+02
3.274023437500000000e+02
3.274023437500000000e+02
3.274023437500000000e+02
3.274023437500000000e+02
3.274023437500000000e+02
3.274023437500000000e+02
3.274023437500000000e+02
3.274023437500000000e+02
3.274023437500000000e+02
3.274023437500000000e+02
3.274023437500000000e+02
3.274023437500000000e+02
3.274062500000000000e+02
3.274062500000000000e+02
3.274062500000000000e+02
3.274062500000000000e+02
3.274062500000000000e+02
3.274062500000000000e+02
3.274062500000000000e+02
3.274062500000000000e+02
3.274062500000000000e+02
3.274062500000000000e+02
3.274062500000000000e+02
3.274062500000000000e+02
3.274062500000000000e+02
3.274062500000000000e+02
3.274062500000000000e+02
3.274062500000000000e+02
3.274062500000000000e+02
3.274062500000000000e+02
3.274062500000000000e+02
3.274062500000000000e+02
3.274062500000000000e+02
3.274101562500000000e+02
3.274101562500000000e+02
3.274101562500000000e+02
3.274101562500000000e+02
3.274101562500000000e+02
3.274101562500000000e+02
3.274101562500000000e+02
3.274101562500000000e+02
3.274101562500000000e+02
3.274101562500000000e+02
3.274101562500000000e+02
3.274101562500000000e+02
3.274101562500000000e+02
3.274101562500000000e+02
3.274101562500000000e+02
3.274101562500000000e+02
3.274101562500000000e+02
3.274101562500000000e+02
3.274101562500000000e+02
3.274101562500000000e+02
3.274101562500000000e+02
3.274140625000000000e+02
3.274140625000000000e+02
3.274140625000000000e+02
3.274140625000000000e+02
3.274140625000000000e+02
3.274140625000000000e+02
3.274140625000000000e+02
3.274140625000000000e+02
3.274140625000000000e+02
3.274140625000000000e+02
3.274140625000000000e+02
3.274140625000000000e+02
3.274140625000000000e+02
3.274140625000000000e+02
3.274140625000000000e+02
3.274140625000000000e+02
3.274140625000000000e+02
3.274140625000000000e+02
3.274140625000000000e+02
3.274140625000000000e+02
3.274140625000000000e+02
3.274179687500000000e+02
3.274179687500000000e+02
3.274179687500000000e+02
3.274179687500000000e+02
3.274179687500000000e+02
3.274179687500000000e+02
3.274179687500000000e+02
3.274179687500000000e+02
3.274179687500000000e+02
3.274179687500000000e+02
3.274179687500000000e+02
3.274179687500000000e+02
3.274179687500000000e+02
3.274179687500000000e+02
3.274179687500000000e+02
3.274179687500000000e+02
3.274179687500000000e+02
3.274179687500000000e+02
3.274179687500000000e+02
3.274179687500000000e+02
3.274179687500000000e+02
3.274218750000000000e+02
3.274218750000000000e+02
3.274218750000000000e+02
3.274218750000000000e+02
3.274218750000000000e+02
3.274218750000000000e+02
3.274218750000000000e+02
3.274218750000000000e+02
3.274218750000000000e+02
3.274218750000000000e+02
3.274218750000000000e+02
3.274218750000000000e+02
3.274218750000000000e+02
3.274218750000000000e+02
3.274218750000000000e+02
3.274218750000000000e+02
3.274218750000000000e+02
3.274218750000000000e+02
3.274218750000000000e+02
3.274218750000000000e+02
3.274218750000000000e+02
3.274257812500000000e+02
3.274257812500000000e+02
3.274257812500000000e+02
3.274257812500000000e+02
3.274257812500000000e+02
3.274257812500000000e+02
3.274257812500000000e+02
3.274257812500000000e+02
3.274257812500000000e+02
3.274257812500000000e+02
3.274257812500000000e+02
3.274257812500000000e+02
3.274257812500000000e+02
3.274257812500000000e+02
3.274257812500000000e+02
3.274257812500000000e+02
3.274257812500000000e+02
3.274257812500000000e+02
3.274257812500000000e+02
3.274257812500000000e+02
3.274257812500000000e+02
3.274296875000000000e+02
3.274296875000000000e+02
3.274296875000000000e+02
3.274296875000000000e+02
3.274296875000000000e+02
3.274296875000000000e+02
3.274296875000000000e+02
3.274296875000000000e+02
3.274296875000000000e+02
3.274296875000000000e+02
3.274296875000000000e+02
3.274296875000000000e+02
3.274296875000000000e+02
3.274296875000000000e+02
3.274296875000000000e+02
3.274296875000000000e+02
3.274296875000000000e+02
3.274296875000000000e+02
3.274296875000000000e+02
3.274296875000000000e+02
3.274296875000000000e+02
3.274335937500000000e+02
3.274335937500000000e+02
3.274335937500000000e+02
3.274335937500000000e+02
3.274335937500000000e+02
3.274335937500000000e+02
3.274335937500000000e+02
3.274335937500000000e+02
3.274335937500000000e+02
3.274335937500000000e+02
3.274335937500000000e+02
3.274335937500000000e+02
3.274335937500000000e+02
3.274335937500000000e+02
3.274335937500000000e+02
3.274335937500000000e+02
3.274335937500000000e+02
3.274335937500000000e+02
3.274335937500000000e+02
3.274335937500000000e+02
3.274335937500000000e+02
3.274375000000000000e+02
3.274375000000000000e+02
3.274375000000000000e+02
3.274375000000000000e+02
3.274375000000000000e+02
3.274375000000000000e+02
3.274375000000000000e+02
3.274375000000000000e+02
3.274375000000000000e+02
3.274375000000000000e+02
3.274375000000000000e+02
3.274375000000000000e+02
3.274375000000000000e+02
3.274375000000000000e+02
3.274375000000000000e+02
3.274375000000000000e+02
3.274375000000000000e+02
3.274375000000000000e+02
3.274375000000000000e+02
3.274375000000000000e+02
3.274375000000000000e+02
3.274414062500000000e+02
3.274414062500000000e+02
3.274414062500000000e+02
3.274414062500000000e+02
3.274414062500000000e+02
3.274414062500000000e+02
3.274414062500000000e+02
3.274414062500000000e+02
3.274414062500000000e+02
3.274414062500000000e+02
3.274414062500000000e+02
3.274414062500000000e+02
3.274414062500000000e+02
3.274414062500000000e+02
3.274414062500000000e+02
3.274414062500000000e+02
3.274414062500000000e+02
3.274414062500000000e+02
3.274414062500000000e+02
3.274414062500000000e+02
3.274414062500000000e+02
3.274453125000000000e+02
3.274453125000000000e+02
3.274453125000000000e+02
3.274453125000000000e+02
3.274453125000000000e+02
3.274453125000000000e+02
3.274453125000000000e+02
3.274453125000000000e+02
3.274453125000000000e+02
3.274453125000000000e+02
3.274453125000000000e+02
3.274453125000000000e+02
3.274453125000000000e+02
3.274453125000000000e+02
3.274453125000000000e+02
3.274453125000000000e+02
3.274453125000000000e+02
3.274453125000000000e+02
3.274453125000000000e+02
3.274453125000000000e+02
3.274453125000000000e+02
3.274492187500000000e+02
3.274492187500000000e+02
3.274492187500000000e+02
3.274492187500000000e+02
3.274492187500000000e+02
3.274492187500000000e+02
3.274492187500000000e+02
3.274492187500000000e+02
3.274492187500000000e+02
3.274492187500000000e+02
3.274492187500000000e+02
3.274492187500000000e+02
3.274492187500000000e+02
3.274492187500000000e+02
3.274492187500000000e+02
3.274492187500000000e+02
3.274492187500000000e+02
3.274492187500000000e+02
3.274492187500000000e+02
3.274492187500000000e+02
3.274492187500000000e+02
3.274531250000000000e+02
3.274531250000000000e+02
3.274531250000000000e+02
3.274531250000000000e+02
3.274531250000000000e+02
3.274531250000000000e+02
3.274531250000000000e+02
3.274531250000000000e+02
3.274531250000000000e+02
3.274531250000000000e+02
3.274531250000000000e+02
3.274531250000000000e+02
3.274531250000000000e+02
3.274531250000000000e+02
3.274531250000000000e+02
3.274531250000000000e+02
3.274531250000000000e+02
3.274531250000000000e+02
3.274531250000000000e+02
3.274531250000000000e+02
3.274531250000000000e+02
3.274570312500000000e+02
3.274570312500000000e+02
3.274570312500000000e+02
3.274570312500000000e+02
3.274570312500000000e+02
3.274570312500000000e+02
3.274570312500000000e+02
3.274570312500000000e+02
3.274570312500000000e+02
3.274570312500000000e+02
3.274570312500000000e+02
3.274570312500000000e+02
3.274570312500000000e+02
3.274570312500000000e+02
3.274570312500000000e+02
3.274570312500000000e+02
3.274570312500000000e+02
3.274570312500000000e+02
3.274570312500000000e+02
3.274570312500000000e+02
3.274570312500000000e+02
3.274609375000000000e+02
3.274609375000000000e+02
3.274609375000000000e+02
3.274609375000000000e+02
3.274609375000000000e+02
3.274609375000000000e+02
3.274609375000000000e+02
3.274609375000000000e+02
3.274609375000000000e+02
3.274609375000000000e+02
3.274609375000000000e+02
3.274609375000000000e+02
3.274609375000000000e+02
3.274609375000000000e+02
3.274609375000000000e+02
3.274609375000000000e+02
3.274609375000000000e+02
3.274609375000000000e+02
3.274609375000000000e+02
3.274609375000000000e+02
3.274609375000000000e+02
3.274648437500000000e+02
3.274648437500000000e+02
3.274648437500000000e+02
3.274648437500000000e+02
3.274648437500000000e+02
3.274648437500000000e+02
3.274648437500000000e+02
3.274648437500000000e+02
3.274648437500000000e+02
3.274648437500000000e+02
3.274648437500000000e+02
3.274648437500000000e+02
3.274648437500000000e+02
3.274648437500000000e+02
3.274648437500000000e+02
3.274648437500000000e+02
3.274648437500000000e+02
3.274648437500000000e+02
3.274648437500000000e+02
3.274648437500000000e+02
3.274648437500000000e+02
3.274687500000000000e+02
3.274687500000000000e+02
3.274687500000000000e+02
3.274687500000000000e+02
3.274687500000000000e+02
3.274687500000000000e+02
3.274687500000000000e+02
3.274687500000000000e+02
3.274687500000000000e+02
3.274687500000000000e+02
3.274687500000000000e+02
3.274687500000000000e+02
3.274687500000000000e+02
3.274687500000000000e+02
3.274687500000000000e+02
3.274687500000000000e+02
3.274687500000000000e+02
3.274687500000000000e+02
3.274687500000000000e+02
3.274687500000000000e+02
3.274687500000000000e+02
3.274726562500000000e+02
3.274726562500000000e+02
3.274726562500000000e+02
3.274726562500000000e+02
3.274726562500000000e+02
3.274726562500000000e+02
3.274726562500000000e+02
3.274726562500000000e+02
3.274726562500000000e+02
3.274726562500000000e+02
3.274726562500000000e+02
3.274726562500000000e+02
3.274726562500000000e+02
3.274726562500000000e+02
3.274726562500000000e+02
3.274726562500000000e+02
3.274726562500000000e+02
3.274726562500000000e+02
3.274726562500000000e+02
3.274726562500000000e+02
3.274726562500000000e+02
3.274765625000000000e+02
3.274765625000000000e+02
3.274765625000000000e+02
3.274765625000000000e+02
3.274765625000000000e+02
3.274765625000000000e+02
3.274765625000000000e+02
3.274765625000000000e+02
3.274765625000000000e+02
3.274765625000000000e+02
3.274765625000000000e+02
3.274765625000000000e+02
3.274765625000000000e+02
3.274765625000000000e+02
3.274765625000000000e+02
3.274765625000000000e+02
3.274765625000000000e+02
3.274765625000000000e+02
3.274765625000000000e+02
3.274765625000000000e+02
3.274765625000000000e+02
3.274804687500000000e+02
3.274804687500000000e+02
3.274804687500000000e+02
3.274804687500000000e+02
3.274804687500000000e+02
3.274804687500000000e+02
3.274804687500000000e+02
3.274804687500000000e+02
3.274804687500000000e+02
3.274804687500000000e+02
3.274804687500000000e+02
3.274804687500000000e+02
3.274804687500000000e+02
3.274804687500000000e+02
3.274804687500000000e+02
3.274804687500000000e+02
3.274804687500000000e+02
3.274804687500000000e+02
3.274804687500000000e+02
3.274804687500000000e+02
3.274804687500000000e+02
3.274843750000000000e+02
3.274843750000000000e+02
3.274843750000000000e+02
3.274843750000000000e+02
3.274843750000000000e+02
3.274843750000000000e+02
3.274843750000000000e+02
3.274843750000000000e+02
3.274843750000000000e+02
3.274843750000000000e+02
3.274843750000000000e+02
3.274843750000000000e+02
3.274843750000000000e+02
3.274843750000000000e+02
3.274843750000000000e+02
3.274843750000000000e+02
3.274843750000000000e+02
3.274843750000000000e+02
3.274843750000000000e+02
3.274843750000000000e+02
3.274843750000000000e+02
3.274882812500000000e+02
3.274882812500000000e+02
3.274882812500000000e+02
3.274882812500000000e+02
3.274882812500000000e+02
3.274882812500000000e+02
3.274882812500000000e+02
3.274882812500000000e+02
3.274882812500000000e+02
3.274882812500000000e+02
3.274882812500000000e+02
3.274882812500000000e+02
3.274882812500000000e+02
3.274882812500000000e+02
3.274882812500000000e+02
3.274882812500000000e+02
3.274882812500000000e+02
3.274882812500000000e+02
3.274882812500000000e+02
3.274882812500000000e+02
3.274882812500000000e+02
3.274921875000000000e+02
3.274921875000000000e+02
3.274921875000000000e+02
3.274921875000000000e+02
3.274921875000000000e+02
3.274921875000000000e+02
3.274921875000000000e+02
3.274921875000000000e+02
3.274921875000000000e+02
3.274921875000000000e+02
3.274921875000000000e+02
3.274921875000000000e+02
3.274921875000000000e+02
3.274921875000000000e+02
3.274921875000000000e+02
3.274921875000000000e+02
3.274921875000000000e+02
3.274921875000000000e+02
3.274921875000000000e+02
3.274921875000000000e+02
3.274921875000000000e+02
3.274960937500000000e+02
3.274960937500000000e+02
3.274960937500000000e+02
3.274960937500000000e+02
3.274960937500000000e+02
3.274960937500000000e+02
3.274960937500000000e+02
3.274960937500000000e+02
3.274960937500000000e+02
3.274960937500000000e+02
3.274960937500000000e+02
3.274960937500000000e+02
3.274960937500000000e+02
3.274960937500000000e+02
3.274960937500000000e+02
3.274960937500000000e+02
3.274960937500000000e+02
3.274960937500000000e+02
3.274960937500000000e+02
3.274960937500000000e+02
3.274960937500000000e+02
3.275000000000000000e+02
3.275000000000000000e+02
3.275000000000000000e+02
3.275000000000000000e+02
3.275000000000000000e+02
3.275000000000000000e+02
3.275000000000000000e+02
3.275000000000000000e+02
3.275000000000000000e+02
3.275000000000000000e+02
3.275000000000000000e+02
3.275000000000000000e+02
3.275000000000000000e+02
3.275000000000000000e+02
3.275000000000000000e+02
3.275000000000000000e+02
3.275000000000000000e+02
3.275000000000000000e+02
3.275000000000000000e+02
3.275000000000000000e+02
3.275000000000000000e+02
3.275039062500000000e+02
3.275039062500000000e+02
3.275039062500000000e+02
3.275039062500000000e+02
3.275039062500000000e+02
3.275039062500000000e+02
3.275039062500000000e+02
3.275039062500000000e+02
3.275039062500000000e+02
3.275039062500000000e+02
3.275039062500000000e+02
3.275039062500000000e+02
3.275039062500000000e+02
3.275039062500000000e+02
3.275039062500000000e+02
3.275039062500000000e+02
3.275039062500000000e+02
3.275039062500000000e+02
3.275039062500000000e+02
3.275039062500000000e+02
3.275039062500000000e+02
3.275078125000000000e+02
3.275078125000000000e+02
3.275078125000000000e+02
3.275078125000000000e+02
3.275078125000000000e+02
3.275078125000000000e+02
3.275078125000000000e+02
3.275078125000000000e+02
3.275078125000000000e+02
3.275078125000000000e+02
3.275078125000000000e+02
3.275078125000000000e+02
3.275078125000000000e+02
3.275078125000000000e+02
3.275078125000000000e+02
3.275078125000000000e+02
3.275078125000000000e+02
3.275078125000000000e+02
3.275078125000000000e+02
3.275078125000000000e+02
3.275078125000000000e+02
3.275117187500000000e+02
3.275117187500000000e+02
3.275117187500000000e+02
3.275117187500000000e+02
3.275117187500000000e+02
3.275117187500000000e+02
3.275117187500000000e+02
3.275117187500000000e+02
3.275117187500000000e+02
3.275117187500000000e+02
3.275117187500000000e+02
3.275117187500000000e+02
3.275117187500000000e+02
3.275117187500000000e+02
3.275117187500000000e+02
3.275117187500000000e+02
3.275117187500000000e+02
3.275117187500000000e+02
3.275117187500000000e+02
3.275117187500000000e+02
3.275117187500000000e+02
3.275195312500000000e+02
3.275195312500000000e+02
3.275195312500000000e+02
3.275195312500000000e+02
3.275195312500000000e+02
3.275195312500000000e+02
3.275195312500000000e+02
3.275195312500000000e+02
3.275195312500000000e+02
3.275195312500000000e+02
3.275195312500000000e+02
3.275195312500000000e+02
3.275195312500000000e+02
3.275195312500000000e+02
3.275195312500000000e+02
3.275195312500000000e+02
3.275195312500000000e+02
3.275195312500000000e+02
3.275195312500000000e+02
3.275195312500000000e+02
3.275195312500000000e+02
3.275234375000000000e+02
3.275234375000000000e+02
3.275234375000000000e+02
3.275234375000000000e+02
3.275234375000000000e+02
3.275234375000000000e+02
3.275234375000000000e+02
3.275234375000000000e+02
3.275234375000000000e+02
3.275234375000000000e+02
3.275234375000000000e+02
3.275234375000000000e+02
3.275234375000000000e+02
3.275234375000000000e+02
3.275234375000000000e+02
3.275234375000000000e+02
3.275234375000000000e+02
3.275234375000000000e+02
3.275234375000000000e+02
3.275234375000000000e+02
3.275234375000000000e+02
3.275234375000000000e+02
3.275234375000000000e+02
3.275234375000000000e+02
3.275234375000000000e+02
3.275234375000000000e+02
3.275234375000000000e+02
3.275234375000000000e+02
3.275234375000000000e+02
3.275234375000000000e+02
3.275234375000000000e+02
3.275234375000000000e+02
3.275234375000000000e+02
3.275234375000000000e+02
3.275234375000000000e+02
3.275234375000000000e+02
3.275234375000000000e+02
3.275234375000000000e+02
3.275234375000000000e+02
3.275234375000000000e+02
3.275234375000000000e+02
3.275234375000000000e+02
3.275234375000000000e+02
3.275234375000000000e+02
3.275234375000000000e+02
3.275234375000000000e+02
3.275234375000000000e+02
3.275234375000000000e+02
3.275234375000000000e+02
3.275234375000000000e+02
3.275234375000000000e+02
3.275234375000000000e+02
3.275234375000000000e+02
3.275234375000000000e+02
3.275234375000000000e+02
3.275234375000000000e+02
3.275234375000000000e+02
3.275234375000000000e+02
3.275234375000000000e+02
3.275234375000000000e+02
3.275234375000000000e+02
3.275234375000000000e+02
3.275234375000000000e+02
3.275234375000000000e+02
3.275234375000000000e+02
3.275234375000000000e+02
3.275234375000000000e+02
3.275234375000000000e+02
3.275234375000000000e+02
3.275234375000000000e+02
3.275234375000000000e+02
3.275234375000000000e+02
3.275234375000000000e+02
3.275234375000000000e+02
3.275234375000000000e+02
3.275234375000000000e+02
3.275234375000000000e+02
3.275234375000000000e+02
3.275234375000000000e+02
3.275234375000000000e+02
3.275234375000000000e+02
3.275234375000000000e+02
3.275234375000000000e+02
3.275234375000000000e+02
3.275234375000000000e+02
3.275234375000000000e+02
3.275234375000000000e+02
3.275234375000000000e+02
3.275234375000000000e+02
3.275234375000000000e+02
3.275234375000000000e+02
3.275234375000000000e+02
3.275234375000000000e+02
3.275234375000000000e+02
3.275234375000000000e+02
3.275234375000000000e+02
3.275234375000000000e+02
3.275234375000000000e+02
3.275234375000000000e+02
3.275234375000000000e+02
3.275234375000000000e+02
3.275234375000000000e+02
3.275234375000000000e+02
3.275234375000000000e+02
3.275234375000000000e+02
3.275234375000000000e+02
3.275234375000000000e+02
3.275234375000000000e+02
3.275234375000000000e+02
3.275234375000000000e+02
3.275234375000000000e+02
3.275234375000000000e+02
3.275234375000000000e+02
3.275234375000000000e+02
3.275234375000000000e+02
3.275234375000000000e+02
3.275234375000000000e+02
3.275234375000000000e+02
3.275234375000000000e+02
3.275234375000000000e+02
3.275234375000000000e+02
3.275234375000000000e+02
3.275234375000000000e+02
3.275234375000000000e+02
3.275234375000000000e+02
3.275234375000000000e+02
3.275312500000000000e+02
3.275468750000000000e+02
3.275468750000000000e+02
3.275468750000000000e+02
3.275468750000000000e+02
3.275468750000000000e+02
3.275234375000000000e+02
3.275234375000000000e+02
3.275234375000000000e+02
3.275234375000000000e+02
3.275234375000000000e+02
3.275234375000000000e+02
3.275234375000000000e+02
3.275234375000000000e+02
3.275234375000000000e+02
3.275234375000000000e+02
3.275234375000000000e+02
3.275234375000000000e+02
3.275312500000000000e+02
3.275468750000000000e+02
3.275468750000000000e+02
3.275507812500000000e+02
3.275507812500000000e+02
3.275507812500000000e+02
3.275507812500000000e+02
3.275507812500000000e+02
3.275507812500000000e+02
3.275507812500000000e+02
3.275507812500000000e+02
3.275507812500000000e+02
3.275507812500000000e+02
3.275507812500000000e+02
3.275507812500000000e+02
3.275507812500000000e+02
3.275507812500000000e+02
3.275507812500000000e+02
3.275507812500000000e+02
3.275507812500000000e+02
3.275507812500000000e+02
3.275507812500000000e+02
3.275507812500000000e+02
3.275507812500000000e+02
3.275546875000000000e+02
3.275546875000000000e+02
3.275546875000000000e+02
3.275546875000000000e+02
3.275546875000000000e+02
3.275546875000000000e+02
3.275546875000000000e+02
3.275546875000000000e+02
3.275546875000000000e+02
3.275546875000000000e+02
3.275546875000000000e+02
3.275546875000000000e+02
3.275546875000000000e+02
3.275546875000000000e+02
3.275546875000000000e+02
3.275546875000000000e+02
3.275546875000000000e+02
3.275546875000000000e+02
3.275546875000000000e+02
3.275546875000000000e+02
3.275546875000000000e+02
3.275585937500000000e+02
3.275585937500000000e+02
3.275585937500000000e+02
3.275585937500000000e+02
3.275585937500000000e+02
3.275585937500000000e+02
3.275585937500000000e+02
3.275585937500000000e+02
3.275585937500000000e+02
3.275585937500000000e+02
3.275585937500000000e+02
3.275585937500000000e+02
3.275585937500000000e+02
3.275585937500000000e+02
3.275585937500000000e+02
3.275585937500000000e+02
3.275585937500000000e+02
3.275585937500000000e+02
3.275585937500000000e+02
3.275585937500000000e+02
3.275585937500000000e+02
3.275625000000000000e+02
3.275625000000000000e+02
3.275625000000000000e+02
3.275625000000000000e+02
3.275625000000000000e+02
3.275625000000000000e+02
3.275625000000000000e+02
3.275625000000000000e+02
3.275625000000000000e+02
3.275625000000000000e+02
3.275625000000000000e+02
3.275625000000000000e+02
3.275625000000000000e+02
3.275625000000000000e+02
3.275625000000000000e+02
3.275625000000000000e+02
3.275625000000000000e+02
3.275625000000000000e+02
3.275625000000000000e+02
3.275625000000000000e+02
3.275625000000000000e+02
3.275664062500000000e+02
3.275664062500000000e+02
3.275664062500000000e+02
3.275664062500000000e+02
3.275664062500000000e+02
3.275664062500000000e+02
3.275664062500000000e+02
3.275664062500000000e+02
3.275664062500000000e+02
3.275664062500000000e+02
3.275664062500000000e+02
3.275664062500000000e+02
3.275664062500000000e+02
3.275664062500000000e+02
3.275664062500000000e+02
3.275664062500000000e+02
3.275664062500000000e+02
3.275664062500000000e+02
3.275664062500000000e+02
3.275664062500000000e+02
3.275664062500000000e+02
3.275703125000000000e+02
3.275703125000000000e+02
3.275703125000000000e+02
3.275703125000000000e+02
3.275703125000000000e+02
3.275703125000000000e+02
3.275703125000000000e+02
3.275703125000000000e+02
3.275703125000000000e+02
3.275703125000000000e+02
3.275703125000000000e+02
3.275703125000000000e+02
3.275703125000000000e+02
3.275703125000000000e+02
3.275703125000000000e+02
3.275703125000000000e+02
3.275703125000000000e+02
3.275703125000000000e+02
3.275703125000000000e+02
3.275703125000000000e+02
3.275703125000000000e+02
3.275742187500000000e+02
3.275742187500000000e+02
3.275742187500000000e+02
3.275742187500000000e+02
3.275742187500000000e+02
3.275742187500000000e+02
3.275742187500000000e+02
3.275742187500000000e+02
3.275742187500000000e+02
3.275742187500000000e+02
3.275742187500000000e+02
3.275742187500000000e+02
3.275742187500000000e+02
3.275742187500000000e+02
3.275742187500000000e+02
3.275742187500000000e+02
3.275742187500000000e+02
3.275742187500000000e+02
3.275742187500000000e+02
3.275742187500000000e+02
3.275742187500000000e+02
3.275781250000000000e+02
3.275781250000000000e+02
3.275781250000000000e+02
3.275781250000000000e+02
3.275781250000000000e+02
3.275781250000000000e+02
3.275781250000000000e+02
3.275781250000000000e+02
3.275781250000000000e+02
3.275781250000000000e+02
3.275781250000000000e+02
3.275781250000000000e+02
3.275781250000000000e+02
3.275781250000000000e+02
3.275781250000000000e+02
3.275781250000000000e+02
3.275781250000000000e+02
3.275781250000000000e+02
3.275781250000000000e+02
3.275781250000000000e+02
3.275820312500000000e+02
3.275859375000000000e+02
3.275859375000000000e+02
3.275859375000000000e+02
3.275859375000000000e+02
3.275859375000000000e+02
3.275859375000000000e+02
3.275859375000000000e+02
3.275859375000000000e+02
3.275859375000000000e+02
3.275859375000000000e+02
3.275859375000000000e+02
3.275859375000000000e+02
3.275859375000000000e+02
3.275859375000000000e+02
3.275859375000000000e+02
3.275859375000000000e+02
3.275859375000000000e+02
3.275859375000000000e+02
3.275859375000000000e+02
3.275859375000000000e+02
3.275859375000000000e+02
3.275898437500000000e+02
3.275898437500000000e+02
3.275898437500000000e+02
3.275898437500000000e+02
3.275898437500000000e+02
3.275898437500000000e+02
3.275898437500000000e+02
3.275898437500000000e+02
3.275898437500000000e+02
3.275898437500000000e+02
3.275898437500000000e+02
3.275898437500000000e+02
3.275898437500000000e+02
3.275898437500000000e+02
3.275898437500000000e+02
3.275898437500000000e+02
3.275898437500000000e+02
3.275898437500000000e+02
3.275898437500000000e+02
3.275898437500000000e+02
